<!DOCTYPE html>
<html>
  
  <head data-gwd-animation-mode="quickMode">
    <title>GWD-test1</title>
    <meta http-equiv="Content-Type" content="text/html; charset=utf-8">
    <meta name="generator" content="Google Web Designer 1.0.0.924">
    <script src="http://code.jquery.com/jquery-1.10.1.min.js"></script>
    <style type="text/css">
      html, body {
        width: 100%;
        height: 100%;
        margin: 0px;
      }
      body {
        background-color: transparent;
        -webkit-transform: perspective(1400px) matrix3d(1, 0, 0, 0, 0, 1, 0, 0, 0, 0, 1, 0, 0, 0, 0, 1);
        -webkit-transform-style: preserve-3d;
      }
      .gwd-div-bqrn {
        position: absolute;
        left: 87px;
        top: 91px;
        text-align: left;
        font-family:'Trebuchet MS';
        -webkit-transform-origin: 215px 19px 0px;
        -webkit-transform: matrix3d(0.7760415935, 0.6306730366, -0.0033115076, 0, -0.6306764946, 0.7760458486, 0, 0, 0.0025698817, 0.00208849, 0.9999945169, 0, 18.9335020249, 141.6701587321, 0, 1);
        -webkit-transform-style: preserve-3d;
      }
      .gwd-div-b421 {
        position: absolute;
        font-family:'Times New Roman';
        text-align: left;
        color: rgb(0, 0, 0);
        left: 94px;
        top: 460px;
      }
      .gwd-pre-zgyi {
        -webkit-transform-origin: 50% 50% 0px;
        background-image: none;
        font-size: 18px;
        color: rgb(0, 255, 0);
        background-color: rgb(0, 128, 59);
        -webkit-transform: matrix3d(0.9908725446, -0.0003409392, 0.1348016478, 0, 0.0009242072, 0.9999904807, -0.0042643064, 0, -0.1347989107, 0.0043499688, 0.9908634273, 0, 0, 0, 0, 1);
        -webkit-transform-style: preserve-3d;
      }
      .gwd-gen-22ongwdanimation {
        -webkit-animation: gwd-gen-22ongwdanimation_animation 5s infinite;
      }
      @-webkit-keyframes gwd-gen-22ongwdanimation_animation {
        0% {
          -webkit-animation-timing-function: linear;
          -webkit-transform: matrix3d(1, 0, 0, 0, 0, 1, 0, 0, 0, 0, 1, 0, 0, 0, 0, 1);
        }
        50% {
          -webkit-animation-timing-function: linear;
          -webkit-transform: matrix3d(-0.9983265526, 0, -0.0578281455, 0, 0, 1, 0, 0, 0.0578281455, 0, -0.9983265526, 0, 0, 0, 0, 1);
        }
        100% {
          -webkit-animation-timing-function: linear;
          -webkit-transform: matrix3d(0.9908725446, -0.0003409392, 0.1348016478, 0, 0.0009242072, 0.9999904807, -0.0042643064, 0, -0.1347989107, 0.0043499688, 0.9908634273, 0, 0, 0, 0, 1);
        }
      }
    </style>
  </head>
  
  <body>
    <div class="gwd-div-bqrn"><pre class="gwd-pre-zgyi gwd-gen-22ongwdanimation">Hello world, Google Web Designer!</pre>

    </div>
    <div class="gwd-div-b421">
      <input type="text" size="100" class="target" value="Hello world, Google Web Designer!">
    </div>
    <script class="">
      $( ".target" ).keyup(function() {
    		$(".gwd-pre-zgyi").html( $( ".target" ).val() );
  	});
    </script>
  </body>

</html>